C: 0.02193864835414044
l1_ratio: 0.9898893281337423
n_components: 50
