alpha: 0.02931868452420465
l1_ratio: 0.5380125190615855
n_components: 45
